43 399
4 3 13 11 43
4 5 13 11 43
4 13 16 11 43
4 13 9 11 43
4 16 15 11 43
4 16 19 11 43
5 0 6 8 43
5 16 4 8 43
2 15 5 9 43
3 8 2 4 43
4 14 7 11 35
6 2 15 0 38
8 3 4 2 37
8 3 5 2 36
8 3 6 2 36
6 3 15 0 35
8 4 4 2 35
6 1 14 0 35
8 2 4 2 35
8 4 6 2 34
8 1 2 2 34
8 4 3 2 34
6 0 13 0 34
8 1 3 2 34
6 3 17 0 33
6 1 15 0 33
6 1 16 0 33
8 2 2 2 33
8 1 7 2 33
8 4 7 2 33
8 1 8 2 33
8 0 1 2 33
8 0 2 2 32
8 5 6 2 32
6 0 12 0 32
8 3 8 2 32
8 1 1 2 32
8 4 8 2 32
8 0 8 2 32
8 0 0 2 32
6 2 14 0 31
8 5 7 2 31
6 0 15 0 31
8 5 8 2 31
8 4 1 2 31
8 0 9 2 31
8 1 0 2 31
8 6 6 2 31
8 1 9 2 31
8 2 0 2 31
8 3 9 2 31
6 2 16 0 30
6 2 17 0 30
8 6 7 2 30
8 4 9 2 30
8 7 1 2 30
8 5 9 2 30
8 6 8 2 30
6 0 14 0 30
8 6 9 2 30
8 5 0 2 30
8 0 10 2 30
8 7 5 2 30
8 7 6 2 30
8 1 10 2 30
8 6 0 2 30
8 7 0 2 30
8 7 7 2 29
8 4 10 2 29
6 1 17 0 29
8 7 8 2 29
8 5 10 2 29
8 6 10 2 29
8 7 9 2 29
8 8 4 2 29
8 7 10 2 29
8 0 11 2 29
8 8 5 2 29
8 8 6 2 29
8 1 11 2 29
8 9 1 2 29
5 12 0 8 23
4 12 12 11 22
8 0 3 2 28
6 2 18 0 28
8 6 3 2 28
8 8 0 2 28
8 8 7 2 28
8 9 2 2 28
8 3 11 2 28
8 4 11 2 28
8 8 8 2 28
8 5 11 2 28
6 0 16 0 28
8 8 9 2 28
8 9 3 2 28
8 7 11 2 28
8 8 10 2 28
8 9 4 2 28
8 8 11 2 28
8 9 5 2 28
8 9 6 2 28
4 10 18 11 21
4 5 17 11 21
8 9 0 2 27
8 5 2 2 27
6 0 17 0 27
8 9 7 2 27
8 10 0 2 27
8 3 12 2 27
8 9 8 2 27
8 10 1 2 27
8 4 12 2 27
8 5 12 2 27
8 9 9 2 27
8 10 2 2 27
8 10 3 2 27
8 2 13 2 27
8 10 4 2 27
8 10 5 2 27
6 3 14 0 26
6 3 16 0 26
8 10 6 2 26
8 10 7 2 26
8 10 8 2 26
8 4 13 2 26
8 10 9 2 26
8 11 1 2 26
8 11 2 2 26
8 11 3 2 26
8 11 4 2 26
4 5 18 11 19
4 9 11 11 19
8 11 5 2 25
8 0 4 2 25
6 1 18 0 25
8 8 12 2 25
8 4 14 2 25
6 4 15 0 25
6 4 16 0 25
8 11 7 2 25
8 11 8 2 25
8 12 2 2 25
8 12 3 2 25
4 11 16 11 18
8 12 4 2 24
6 3 18 0 24
8 6 2 2 24
8 5 15 2 24
4 4 17 11 17
8 4 0 2 23
8 13 8 2 23
8 5 16 2 23
6 4 18 0 23
8 13 11 2 23
8 13 12 2 23
4 14 13 11 16
4 9 18 11 16
8 3 0 2 22
8 6 1 2 22
8 14 8 2 22
6 3 19 0 22
8 14 11 2 22
8 14 12 2 22
4 9 19 11 15
8 2 1 2 21
8 5 1 2 21
6 0 18 0 21
6 4 19 0 21
8 15 7 2 21
8 15 8 2 21
8 15 9 2 21
8 15 13 2 21
8 16 0 2 21
8 15 15 2 21
4 11 19 11 14
4 8 18 11 14
8 2 5 2 20
8 16 6 2 20
8 16 8 2 20
8 16 9 2 20
8 16 10 2 20
8 16 12 2 20
8 16 13 2 20
4 8 19 11 13
4 12 17 11 13
6 0 19 0 19
8 17 5 2 19
8 17 6 2 19
8 17 7 2 19
8 17 8 2 19
8 17 9 2 19
8 17 10 2 19
8 17 12 2 19
4 10 16 11 12
4 7 17 11 12
4 11 13 11 12
8 18 1 2 18
8 3 2 2 18
6 1 19 0 18
8 16 17 2 18
8 18 0 2 18
8 18 4 2 18
8 18 5 2 18
8 18 6 2 18
8 18 7 2 18
8 18 8 2 18
8 18 9 2 18
8 18 10 2 18
4 10 19 11 11
4 9 17 11 11
4 8 17 11 11
8 18 11 2 17
6 2 19 0 17
8 14 6 2 17
8 16 1 2 17
8 17 16 2 17
8 17 0 2 17
8 17 17 2 17
8 17 18 2 17
8 18 15 2 17
8 19 0 2 17
8 19 1 2 17
8 17 19 2 17
8 19 2 2 17
8 19 3 2 17
8 19 4 2 17
8 19 5 2 17
8 19 6 2 17
8 19 7 2 17
8 19 8 2 17
4 11 17 11 10
4 5 14 11 10
4 11 18 11 10
8 19 9 2 16
8 2 7 2 16
8 3 1 2 16
8 18 12 2 16
8 19 10 2 16
8 19 11 2 16
8 19 12 2 16
8 18 17 2 16
8 19 13 2 16
8 18 18 2 16
8 18 19 2 16
4 10 14 11 9
4 5 19 11 9
4 15 19 11 9
4 9 16 11 9
8 5 3 2 15
8 4 2 2 15
8 17 1 2 15
8 17 11 2 15
8 19 16 2 15
8 19 18 2 15
4 10 13 11 8
4 14 18 11 8
8 19 19 2 14
8 3 3 2 14
8 2 6 2 14
8 6 4 2 14
8 11 6 2 14
8 16 11 2 14
8 17 2 2 14
8 18 2 2 14
4 13 14 11 7
4 7 18 11 7
4 8 14 11 7
4 10 17 11 7
8 19 17 2 13
8 3 7 2 13
8 5 5 2 13
8 12 6 2 13
8 15 12 2 13
8 17 3 2 13
4 7 19 11 6
4 6 16 11 6
4 12 16 11 6
4 8 15 11 6
8 18 16 2 12
8 4 5 2 12
8 2 8 2 12
8 13 6 2 12
8 15 11 2 12
8 16 16 2 12
8 18 3 2 12
4 13 18 11 5
4 14 16 11 5
4 10 15 11 5
8 5 4 2 11
8 2 9 2 11
8 12 5 2 11
8 13 5 2 11
4 11 14 11 4
4 12 19 11 4
4 9 14 11 4
4 12 18 11 4
4 9 15 11 4
4 7 14 11 4
4 8 16 11 4
8 6 5 2 10
8 7 13 2 10
8 13 3 2 10
8 13 4 2 10
8 14 10 2 10
8 17 15 2 10
4 12 15 11 3
4 7 16 11 3
4 6 17 11 3
4 12 10 11 3
4 13 19 11 3
4 12 11 11 3
4 6 13 11 3
8 2 3 2 9
8 2 10 2 9
8 7 4 2 9
8 13 2 2 9
8 15 10 2 9
8 15 3 2 9
4 15 17 11 2
4 14 19 11 2
4 13 15 11 2
4 11 15 11 2
4 13 17 11 2
8 1 4 2 8
8 3 10 2 8
8 14 9 2 8
8 15 14 2 8
8 16 14 2 8
8 14 2 2 8
4 14 15 11 1
4 10 12 11 1
4 7 15 11 1
4 6 14 11 1
4 6 15 11 1
4 11 10 11 1
4 14 17 11 1
8 14 5 2 7
8 1 5 2 7
8 8 3 2 7
4 6 18 11 0
4 6 19 11 0
4 12 14 11 0
4 11 11 11 0
8 13 10 2 6
8 14 14 2 6
8 16 7 2 6
8 17 13 2 6
8 14 0 2 6
8 14 1 2 6
6 1 13 0 5
8 13 1 2 5
8 15 6 2 5
8 15 0 2 5
8 17 4 2 5
8 14 3 2 5
8 1 6 2 4
8 15 1 2 4
8 16 5 2 4
8 19 15 2 4
8 0 7 2 3
8 2 11 2 3
8 7 3 2 3
8 9 10 2 3
8 11 0 2 3
8 11 9 2 3
8 8 13 2 3
8 15 16 2 3
8 16 2 2 3
8 19 14 2 2
8 7 12 2 2
8 10 10 2 2
8 9 13 2 2
8 12 8 2 2
8 18 14 2 2
8 14 4 2 2
8 15 2 2 2
8 12 13 2 2
8 9 12 2 1
8 8 1 2 1
8 6 11 2 1
8 1 12 2 1
8 12 1 2 1
8 0 5 2 1
8 12 7 2 1
8 18 13 2 1
8 16 3 2 0
8 7 2 2 0
8 2 12 2 0
8 6 12 2 0
8 12 9 2 0
8 13 7 2 0
8 13 13 2 0
8 17 14 2 0
8 16 18 2 0
8 15 4 2 0
8 13 0 2 0
8 10 11 2 0
8 11 12 2 0
